0.2880725860595703
0.2992894649505615
0.402515172958374
0.3842041492462158
0.3177988529205322
0.4556257724761963
0.43485236167907715
0.2934999465942383
0.2711813449859619
0.27147507667541504
0.22529315948486328
0.27056026458740234
0.2275383472442627
0.29353904724121094
0.2961103916168213

embedding avg: 0.31543706258138


0.016788482666015625
0.0016536712646484375
0.0013358592987060547
0.0014700889587402344
0.001413106918334961
0.0015239715576171875
0.0014317035675048828
0.0014357566833496094
0.0013360977172851562
0.0015225410461425781
0.0014600753784179688
0.0014882087707519531
0.0013127326965332031
0.0014362335205078125
0.0014138221740722656
0.001524209976196289

search avg: 0.0024091601371765

prompt,hit1,hit3
1,1
1,1
1,1
1,1
1,1
1,1
0,0
0,1
1,1
1,1
1,1
1,1
1,1
1,1
1,1